1	1	2019-12-02	122
2	2	2020-01-07	138
3	3	2019-03-18	148
4	4	2019-09-17	190
5	5	2019-04-08	182
6	6	2019-06-23	24
7	7	2019-05-26	43
8	8	2019-05-29	134
9	9	2019-09-14	145
10	10	2019-10-21	15
11	11	2020-01-11	101
12	12	2019-12-07	166
13	13	2019-03-26	185
14	14	2019-07-14	147
15	15	2019-04-11	35
16	16	2019-11-07	58
17	17	2019-07-04	53
18	18	2019-04-11	135
19	19	2019-06-08	142
20	20	2020-02-05	112
21	21	2019-09-19	144
22	22	2019-09-15	159
23	23	2019-07-22	84
24	24	2020-02-15	180
25	25	2019-11-27	130
26	26	2019-09-28	116
27	27	2019-03-08	82
28	28	2020-01-03	32
29	29	2019-10-19	48
30	30	2019-02-13	82
31	31	2019-06-25	193
32	32	2019-03-24	162
33	33	2020-01-10	42
34	34	2019-10-10	3
35	35	2019-11-28	75
36	36	2019-05-08	171
37	37	2019-09-25	167
38	38	2020-01-03	154
39	39	2019-10-01	184
40	40	2019-12-08	95
41	41	2019-10-27	7
42	42	2019-11-16	167
43	43	2019-03-20	116
44	44	2019-06-08	43
45	45	2019-06-13	105
46	46	2019-11-28	113
47	47	2019-10-15	183
48	48	2019-03-15	61
49	49	2020-01-18	90
50	50	2019-05-29	147
51	51	2019-07-28	46
52	52	2019-11-08	142
53	53	2019-04-05	2
54	54	2019-09-19	199
55	55	2019-08-01	100
56	56	2019-03-14	183
57	57	2019-08-31	60
58	58	2019-07-11	158
59	59	2020-02-07	194
60	60	2019-09-16	16
61	61	2019-10-20	100
62	62	2019-11-22	120
63	63	2019-12-27	180
64	64	2019-08-23	49
65	65	2019-11-14	102
66	66	2019-04-26	83
67	67	2019-10-10	21
68	68	2019-12-04	6
69	69	2020-01-27	181
70	70	2019-07-19	157
71	71	2019-02-28	72
72	72	2019-07-15	16
73	73	2019-12-22	133
74	74	2019-03-28	82
75	75	2019-11-30	70
76	76	2019-04-23	108
77	77	2019-06-02	187
78	78	2019-04-18	178
79	79	2019-07-04	38
80	80	2019-07-30	61
81	81	2019-04-08	17
82	82	2020-01-13	160
83	83	2019-08-17	114
84	84	2020-01-20	71
