1,1,2019-12-01,122
2,2,2020-01-05,138
3,3,2019-03-16,148
4,4,2019-09-15,190
5,5,2019-04-06,182
6,6,2019-06-20,24
7,7,2019-05-24,43
8,8,2019-05-25,134
9,9,2019-09-10,145
10,10,2019-10-15,15
11,11,2020-01-09,101
12,12,2019-12-05,166
13,13,2019-03-20,185
14,14,2019-07-10,147
15,15,2019-04-09,35
16,16,2019-11-05,58
17,17,2019-07-03,53
18,18,2019-04-09,135
19,19,2019-06-05,142
20,20,2020-02-02,112
21,21,2019-09-15,144
22,22,2019-09-13,159
23,23,2019-07-20,84
24,24,2020-02-13,180
25,25,2019-11-26,130
26,26,2019-09-26,116
27,27,2019-03-06,82
28,28,2020-01-01,32
29,29,2019-10-15,48
30,30,2019-02-10,82
31,31,2019-06-20,193
32,32,2019-03-22,162
33,33,2020-01-08,42
34,34,2019-10-07,3
35,35,2019-11-25,75
36,36,2019-05-06,171
37,37,2019-09-23,167
38,38,2020-01-01,154
39,39,2019-09-25,184
40,40,2019-12-06,95
41,41,2019-10-25,7
42,42,2019-11-14,167
43,43,2019-03-18,116
44,44,2019-06-05,43
45,45,2019-06-10,105
46,46,2019-11-25,113
47,47,2019-10-13,183
48,48,2019-03-12,61
49,49,2020-01-16,90
50,50,2019-05-24,147
51,51,2019-07-26,46
52,52,2019-11-05,142
53,53,2019-04-05,2
54,54,2019-09-15,199
55,55,2019-07-25,100
56,56,2019-03-10,183
57,57,2019-08-25,60
58,58,2019-07-09,158
59,59,2020-02-05,194
60,60,2019-09-14,16
61,61,2019-10-18,100
62,62,2019-11-20,120
63,63,2019-12-25,180
64,64,2019-08-20,49
65,65,2019-11-12,102
66,66,2019-04-24,83
67,67,2019-10-08,21
68,68,2019-12-02,6
69,69,2020-01-25,181
70,70,2019-07-17,157
71,71,2019-02-26,72
72,72,2019-07-13,16
73,73,2019-12-20,133
74,74,2019-03-26,82
75,75,2019-11-28,70
76,76,2019-04-20,108
77,77,2019-06-01,187
78,78,2019-04-14,178
79,79,2019-07-01,38
80,80,2019-07-26,61
81,81,2019-04-06,17
82,82,2020-01-11,160
83,83,2019-08-16,114
84,84,2020-01-18,71